A0 <- 1
F_U0 <- 1
F_I0 <- 1
S_U0 <- 1
S_I0 <- 1
D_U0 <- 1
D_I0 <- 1